0.190350 0.65000 0.878049
0.306657 0.65000 -0.109413
0.017568 0.65000 0.030917
0.122328 0.65000 0.951109
0.076274 0.65000 0.774632
0.614127 0.65000 -0.250042
0.220722 0.65000 0.807741
0.089430 0.65000 0.840491
0.278817 0.65000 0.342210
0.520287 0.65000 -0.950301
0.726976 0.65000 0.852224
0.180485 0.65000 1.141859
0.801524 0.65000 1.012061
0.474273 0.65000 -1.311226
0.345116 0.65000 -0.319911
0.981951 0.65000 -0.374203
0.127349 0.65000 1.039361
0.757120 0.65000 1.040152
0.345419 0.65000 -0.429760
0.314532 0.65000 -0.075762
0.250828 0.65000 0.650007169
0.431255 0.65000 -0.905443
0.386669 0.65000 -0.508875
0.143794 0.65000 0.844105
0.470839 0.65000 -0.951757
0.093065 0.65000 0.785034
0.205377 0.65000 0.715400
0.083329 0.65000 0.853025
0.243475 0.65000 0.699252
0.062389 0.65000 0.567589
0.764116 0.65000 0.834931
0.018287 0.65000 0.199875
0.973603 0.65000 -0.359748
0.458826 0.65000 -1.113178
0.511200 0.65000 -1.082561
0.712587 0.65000 0.615108
0.464745 0.65000 -0.835752
0.984328 0.65000 -0.332495
0.414291 0.65000 -0.808822
0.799551 0.65000 1.072052
0.499037 0.65000 -0.924499
0.966757 0.65000 -0.191643
0.756594 0.65000 0.991844
0.444938 0.65000 -0.969528
0.410167 0.65000 -0.773426
0.532335 0.65000 -0.631770
0.343909 0.65000 -0.313313
0.854302 0.65000 0.719307
0.846882 0.65000 0.916509
0.740758 0.65000 1.009525
0.150668 0.65000 0.832433
0.177606 0.65000 0.893017
0.445289 0.65000 -0.898242
0.734653 0.65000 0.787282
0.559488 0.65000 -0.663482
0.232311 0.65000 0.499122
0.934435 0.65000 -0.121533
0.219089 0.65000 0.823206
0.636525 0.65000 0.053113
0.307605 0.65000 0.027500
0.713198 0.65000 0.693978
0.116343 0.65000 1.242458
0.680737 0.65000 0.368910
0.484730 0.65000 -0.891940
0.929408 0.65000 0.234913
0.008507 0.65000 0.103505
0.872161 0.65000 0.816191
0.755530 0.65000 0.985723
0.620671 0.65000 0.026417
0.472260 0.65000 -0.967451
0.257488 0.65000 0.630100
0.130654 0.65000 1.025693
0.512333 0.65000 -0.884296
0.747710 0.65000 0.849468
0.669948 0.65000 0.413745
0.644856 0.65000 0.253455
0.894206 0.65000 0.482933
0.820471 0.65000 0.899981
0.790796 0.65000 0.922645
0.010729 0.65000 0.032106
0.846777 0.65000 0.768675
0.349175 0.65000 -0.322929
0.453662 0.65000 -0.957712
0.624017 0.65000 -0.169913
0.211074 0.65000 0.869840
0.062555 0.65000 0.607180
0.739709 0.65000 0.859793
0.985896 0.65000 -0.433632
0.782088 0.65000 0.976380
0.642561 0.65000 0.147023
0.779007 0.65000 0.913765
0.185631 0.65000 1.021408
0.525250 0.65000 -0.706217
0.236802 0.65000 0.564723
0.440958 0.65000 -0.993781
0.397580 0.65000 -0.708189
0.823146 0.65000 0.860086
0.370173 0.65000 -0.649231
0.791675 0.65000 1.162927
0.456647 0.65000 -0.956843
0.113350 0.65000 0.850107
0.351074 0.65000 -0.306095
0.182684 0.65000 0.825728
0.914034 0.65000 0.305636
0.751486 0.65000 0.898875
0.216572 0.65000 0.974637
0.013273 0.65000 0.062439
0.469726 0.65000 -1.226188
0.060676 0.65000 0.599451
0.776310 0.65000 0.902315
0.061648 0.65000 0.464446
0.714077 0.65000 0.947507
0.559264 0.65000 -0.715111
0.121876 0.65000 0.791703
0.330586 0.65000 -0.165819
0.662909 0.65000 0.379236
0.785142 0.65000 0.967030
0.161352 0.65000 0.979553
0.985215 0.65000 -0.317699
0.457734 0.65000 -0.890725
0.171574 0.65000 0.963749
0.334277 0.65000 -0.266228
0.501065 0.65000 -0.910313
0.988736 0.65000 -0.476222
0.650009242 0.65000 0.218365
0.359861 0.65000 -0.338734
0.790434 0.65000 0.843387
0.462458 0.65000 -0.911647
0.823012 0.65000 0.813427
0.594668 0.65000 -0.603016
0.498207 0.65000 -0.878847
0.574882 0.65000 -0.419598
0.570048 0.65000 -0.442087
0.331570 0.65000 -0.347567
0.195407 0.65000 0.822284
0.814327 0.65000 0.974355
0.641925 0.65000 0.073217
0.238778 0.65000 0.650007767
0.400138 0.65000 -0.715598
0.670479 0.65000 0.469662
0.069076 0.65000 0.680958
0.294373 0.65000 0.145767
0.025628 0.65000 0.179822
0.697772 0.65000 0.506253
0.729626 0.65000 0.786519
0.293071 0.65000 0.259997
0.531802 0.65000 -1.095833
0.487338 0.65000 -1.034481
0.215780 0.65000 0.933506
0.625818 0.65000 0.103845
0.179389 0.65000 0.892237
0.192552 0.65000 0.915516
0.671661 0.65000 0.330361
0.952391 0.65000 -0.060263
0.795133 0.65000 0.945157
0.950494 0.65000 -0.071855
0.194894 0.65000 1.000860
0.351460 0.65000 -0.227946
0.863456 0.65000 0.648456
0.945221 0.65000 -0.045667
0.779840 0.65000 0.979954
0.996606 0.65000 -0.450501
0.632184 0.65000 -0.036506
0.790898 0.65000 0.994890
0.022503 0.65000 0.386394
0.318983 0.65000 -0.152749
0.369633 0.65000 -0.423960
0.157300 0.65000 0.962858
0.153223 0.65000 0.882873
0.360068 0.65000 -0.650003742
0.433917 0.65000 -0.872498
0.133461 0.65000 0.879002
0.757252 0.65000 1.123667
0.309391 0.65000 -0.102064
0.195586 0.65000 0.925339
0.240259 0.65000 0.689117
0.340591 0.65000 -0.455040
0.243436 0.65000 0.415760
0.612755 0.65000 -0.180844
0.089407 0.65000 0.723702
0.469695 0.65000 -0.987859
0.943560 0.65000 -0.097303
0.177241 0.65000 0.918082
0.317756 0.65000 -0.222902
0.515337 0.65000 -0.733668
0.344773 0.65000 -0.256893
0.537029 0.65000 -0.797272
0.626878 0.65000 0.048719
0.208940 0.65000 0.836531
0.470697 0.65000 -1.080283
0.054448 0.65000 0.624676
0.109230 0.65000 0.816921
0.158325 0.65000 1.044485
0.976650 0.65000 -0.309060
0.643441 0.65000 0.267336
0.215841 0.65000 1.018817
0.905337 0.65000 0.409871
0.154354 0.65000 0.920009
0.947922 0.65000 -0.112378
0.201391 0.65000 0.768894
